0.000000000000000000e+00
1.411960527756543238e-08
4.297914880753850691e-07
3.104555165478509861e-06
1.244452545164686734e-05
3.612548456895298734e-05
8.550769261372729614e-05
1.758022428480389822e-04
3.260389022311965574e-04
5.588783811886203394e-04
9.003057814762904787e-04
1.379236496773920441e-03
2.027061014294239544e-03
2.877150820900618508e-03
3.964343893785505189e-03
5.324424999090512055e-03
6.993613182485350702e-03
9.008066368883984459e-03
1.140341085365664288e-02
1.421430162828551773e-02
1.747401790635425001e-02
2.121409687124438739e-02
2.546400752806481094e-02
3.025086558499025247e-02
3.559918949158368678e-02
4.153069710431559619e-02
4.806414191485704202e-02
5.521518734914564880e-02
6.299631731068867924e-02
7.141678088755117060e-02
8.048256895783865994e-02
9.019642030330979332e-02
1.005578547661899469e-01
1.115632309525683152e-01
1.232058259899637270e-01
1.354759348807324792e-01
1.483609870515329998e-01
1.618456777774374411e-01
1.759121122533257309e-01
1.905399601913648766e-01
2.057066189385947930e-01
2.213873832301499478e-01
2.375556198192713964e-01
2.541829453529019234e-01
2.712394059897929033e-01
2.886936573851157650e-01
3.065131437906210565e-01
3.246642751411787930e-01
3.431126011166272805e-01
3.618229812812804314e-01
3.807597505120319803e-01
3.998868790292133268e-01
4.191681264419351294e-01
4.385671893115812847e-01
4.580478418232195592e-01
4.775740692347993921e-01
4.971101938485927851e-01
5.166209933179422009e-01
5.360718111655292661e-01
5.554286594470971838e-01
5.746583135469837122e-01
5.937283991392150462e-01
6.126074713905633740e-01
6.312650865197856342e-01
6.496718658610983743e-01
6.677995526093087886e-01
6.856210614496569544e-01
7.031105212974960716e-01
7.202433113915518437e-01
7.369960909998691800e-01
7.533468230102502439e-01
7.692747916867043179e-01
7.847606148808922155e-01
7.997862509926690899e-01
8.143350009766798792e-01
8.283915056934985088e-01
8.419417389028056586e-01
8.549729961944717571e-01
8.674738801497524632e-01
8.794342820202197819e-01
8.908453602065395938e-01
9.016995158123635168e-01
9.119903655414888233e-01
9.217127121980656090e-01
9.308625130413415993e-01
9.394368462369475647e-01
9.474338756375660919e-01
9.548528141157688331e-01
9.616938856620455001e-01
9.679582864507162432e-01
9.736481450662587411e-01
9.787664820724648607e-01
9.833171690963371514e-01
9.873048875888187359e-01
9.907350874141914732e-01
9.936139454102081991e-01
9.959483240514700464e-01
9.977457303387953225e-01
9.990142750284254358e-01
9.997626323058054210e-01
1.000000000000000000e+00
9.997360604264794448e-01
9.989809419378592459e-01
9.977451812544971821e-01
9.960396866393417259e-01
9.938757019743169607e-01
9.912647717887572707e-01
9.882187072839064834e-01
9.847495533913911414e-01
9.808695568977138235e-01
9.765911356613323768e-01
9.719268489437861147e-01
9.668893688712466572e-01
9.614914530386202696e-01
9.557459182636897088e-01
9.496656154951360618e-01
9.432634058743297745e-01
9.365521379474838204e-01
9.295446260215343148e-01
9.222536296541498091e-01
9.146918342657858192e-01
9.068718328588956101e-01
8.988061088276733113e-01
8.905070198391756842e-01
8.819867827652515535e-01
8.732574596430103808e-01
8.643309446399034535e-01
8.552189519986016508e-01
8.459330049355037184e-01
8.364844254657950451e-01
8.268843251273962913e-01
8.171435965751966402e-01
8.072729060167106452e-01
7.972826864596724850e-01
7.871831317420846519e-01
7.769841913146530166e-01
7.666955657459163520e-01
7.563267029200113623e-01
7.458867948973406659e-01
7.353847754084145150e-01
7.248293179515973295e-01
7.142288344655080001e-01
7.035914745474778353e-01
6.929251251896225705e-01
6.822374110047952911e-01
6.715356949150391719e-01
6.608270792756811840e-01
6.501184074089746412e-01
6.394162655216445446e-01
6.287269849813379441e-01
6.180566449277227203e-01
6.074110751946483200e-01
5.967958595203565197e-01
5.862163390236199145e-01
5.756776159242479318e-01
5.651845574871841027e-01
5.547418001702009160e-01
5.443537539558124250e-01
5.340246068488492259e-01
5.237583295218232182e-01
5.135586800909557326e-01
5.034292090064702574e-01
4.933732640413999726e-01
4.833939953639514453e-01
4.734943606791114368e-01
4.636771304258904824e-01
4.539448930171948726e-01
4.443000601101536051e-01
4.347448718951327229e-01
4.252814023925472475e-01
4.159115647469807664e-01
4.066371165089328610e-01
3.974596648948864885e-01
3.883806720171719129e-01
3.794014600755071798e-01
3.705232165026793867e-01
3.617469990574032068e-01
3.530737408578132341e-01
3.445042553496155957e-01
3.360392412033355036e-01
3.276792871356090098e-01
3.194248766498261061e-01
3.112763926919842605e-01
3.032341222178488449e-01
2.952982606680717437e-01
2.874689163481667920e-01
2.797461147106859447e-01
2.721298025372189122e-01
2.646198520181980984e-01
2.572160647288024293e-01
2.499181754995357940e-01
2.427258561803539161e-01
2.356387192974532807e-01
2.286563216021232081e-01
2.217781675112928952e-01
2.150037124395938748e-01
2.083323660230465002e-01
2.017634952346018806e-01
1.952964273920205773e-01
1.889304530587031794e-01
1.826648288382818897e-01
1.764987800639280791e-01
1.704315033834810922e-01
1.644621692415976777e-01
1.585899242603191484e-01
1.528138935195083314e-01
1.471331827387025726e-01
1.415468803621203753e-01
1.360540595484988624e-01
1.306537800676445815e-01
1.253450901056107070e-01
1.201270279804240726e-01
1.149986237704413577e-01
1.099589008573662180e-01
1.050068773860711596e-01
1.001415676433573682e-01
9.536198335784981661e-02
9.066713492323293100e-02
8.605603254703511618e-02
8.152768732722226463e-02
7.708111225884210771e-02
7.271532317296010295e-02
6.842933961015026934e-02
6.422218563079083731e-02
6.009289056438296694e-02
5.604048970014327558e-02
5.206402492106253915e-02
4.816254528363831527e-02
4.433510754543297516e-02
4.058077664262068479e-02
3.689862611963690836e-02
3.328773851300986797e-02
2.974720569145002796e-02
2.627612915420019651e-02
2.287362028965839872e-02
1.953880059620453913e-02
1.627080186714928087e-02
1.306876634168614021e-02
9.931846823671626814e-03
6.859206770013256786e-03
3.850020350426536751e-03
9.034724802451605868e-04
-1.981241172032224308e-03
-4.804914200888247416e-03
-7.568329502028649930e-03
-1.027225933121171837e-02
-1.291746538219532871e-02
-1.550469888238314997e-02
-1.803470070476798776e-02
-2.050820149487804153e-02
-2.292592181140489307e-02
-2.528857227929785442e-02
-2.759685375412422592e-02
-2.985145749655588460e-02
-3.205306535586311539e-02
-3.420234996140310985e-02
-3.629997492102797485e-02
-3.834659502551672483e-02
-4.034285645804568110e-02
-4.228939700786911449e-02
-4.418684628733147296e-02
-4.603582595143828476e-02
-4.783694991922975842e-02
-4.959082459622316669e-02
-5.129804909727125189e-02
-5.295921546917741612e-02
-5.457490891248396869e-02
-5.614570800185118837e-02
-5.767218490452317992e-02
-5.915490559635108725e-02
-6.059443007495093209e-02
-6.199131256954001912e-02
-6.334610174706858943e-02
-6.465934091429041686e-02
-6.593156821541175383e-02
-6.716331682503517975e-02
-6.835511513611608470e-02
-6.950748694267859518e-02
-7.062095161706057056e-02
-7.169602428149018936e-02
-7.273321597384553583e-02
-7.373303380738409352e-02
-7.469598112438555204e-02
-7.562255764353732757e-02
-7.651325960101633405e-02
-7.736857988518627827e-02
-7.818900816482930727e-02
-7.897503101094753564e-02
-7.972713201205333666e-02
-8.044579188298280059e-02
-8.113148856723952085e-02
-8.178469733290749666e-02
-8.240589086216422443e-02
-8.299553933445490139e-02
-8.355411050340756651e-02
-8.408206976754845074e-02
-8.457988023493005769e-02
-8.504800278176082029e-02
-8.548689610513297843e-02
-8.589701677000528834e-02
-8.627881925051973655e-02
-8.663275596580945204e-02
-8.695927731044796050e-02
-8.725883167965979570e-02
-8.753186548944814904e-02
-8.777882319181821991e-02
-8.800014728522050078e-02
-8.819627832040997928e-02
-8.836765490185352623e-02
-8.851471368488753044e-02
-8.863788936878533309e-02
-8.873761468588083068e-02
-8.881432038698008902e-02
-8.886843522316764665e-02
-8.890038592424202857e-02
-8.891059717392002515e-02
-8.889949158200245727e-02
-8.886748965367270714e-02
-8.881500975609446513e-02
-8.874246808248993645e-02
-8.865027861388945218e-02
-8.853885307866794785e-02
-8.840860091010080413e-02
-8.825992920205613657e-02
-8.809324266303013296e-02
-8.790894356863476755e-02
-8.770743171274533734e-02
-8.748910435744218506e-02
-8.725435618187886433e-02
-8.700357923027728091e-02
-8.673716285913574131e-02
-8.645549368384154720e-02
-8.615895552478926300e-02
-8.584792935317411833e-02
-8.552279323653805276e-02
-8.518392228427816570e-02
-8.483168859314876853e-02
-8.446646119293400867e-02
-8.408860599240361444e-02
-8.369848572562410549e-02
-8.329645989877473844e-02
-8.288288473753657737e-02
-8.245811313518798535e-02
-8.202249460145973059e-02
-8.157637521226684951e-02
-8.112009756040168551e-02
-8.065400070724346171e-02
-8.017842013560805281e-02
-7.969368770374968269e-02
-7.920013160063912872e-02
-7.869807630255851172e-02
-7.818784253105071080e-02
-7.766974721233986523e-02
-7.714410343820685134e-02
-7.661122042841389534e-02
-7.607140349472277241e-02
-7.552495400649217316e-02
-7.497216935799441706e-02
-7.441334293738163796e-02
-7.384876409737857472e-02
-7.327871812775808846e-02
-7.270348622954482531e-02
-7.212334549105690884e-02
-7.153856886573105311e-02
-7.094942515178193077e-02
-7.035617897370738394e-02
-6.975909076562056277e-02
-6.915841675645491293e-02
-6.855440895699883852e-02
-6.794731514880220091e-02
-6.733737887492603769e-02
-6.672483943253855465e-02
-6.610993186734349936e-02
-6.549288696983894542e-02
-6.487393127341181676e-02
-6.425328705419527942e-02
-6.363117233274953599e-02
-6.300780087748635017e-02
-6.238338220986092142e-02
-6.175812161127122724e-02
-6.113222013167476931e-02
-6.050587459988385208e-02
-5.987927763550142390e-02
-5.925261766249723117e-02
-5.862607892437086271e-02
-5.799984150087986179e-02
-5.737408132631518359e-02
-5.674897020926067404e-02
-5.612467585383369012e-02
-5.550136188235855333e-02
-5.487918785944252004e-02
-5.425830931740157487e-02
-5.363887778303648435e-02
-5.302104080568139505e-02
-5.240494198650732377e-02
-5.179072100904988374e-02
-5.117851367089854692e-02
-5.056845191654092686e-02
-4.996066387128016845e-02
-4.935527387623978718e-02
-4.875240252435947275e-02
-4.815216669738736632e-02
-4.755467960380366926e-02
-4.696005081764356021e-02
-4.636838631818001460e-02
-4.577978853043247059e-02
-4.519435636643246573e-02
-4.461218526726581229e-02
-4.403336724577361361e-02
-4.345799092995192292e-02
-4.288614160694453198e-02
-4.231790126763921439e-02
-4.175334865180676397e-02
-4.119255929373755176e-02
-4.063560556836105786e-02
-4.008255673779784201e-02
-3.953347899829552647e-02
-3.898843552755062308e-02
-3.844748653233390906e-02
-3.791068929642196078e-02
-3.737809822878040283e-02
-3.684976491196776532e-02
-3.632573815073551760e-02
-3.580606402078836958e-02
-3.529078591765950207e-02
-3.477994460569375917e-02
-3.427357826708687244e-02
-3.377172255096486109e-02
-3.327441062246974668e-02
-3.278167321181441746e-02
-3.229353866329932876e-02
-3.181003298424422976e-02
-3.133117989381705576e-02
-3.085700087174020334e-02
-3.038751520683462964e-02
-2.992274004539339713e-02
-2.946269043934986523e-02
-2.900737939422405251e-02
-2.855681791682465956e-02
-2.811101506268624470e-02
-2.766997798321086180e-02
-2.723371197251833048e-02
-2.680222051395690641e-02
-2.637550532628138780e-02
-2.595356640945906124e-02
-2.553640209011531076e-02
-2.512400906656666461e-02
-2.471638245345617046e-02
-2.431351582596580699e-02
-2.391540126358909432e-02
-2.352202939344712890e-02
-2.313338943315604301e-02
-2.274946923320377012e-02
-2.237025531885042037e-02
-2.199573293153043660e-02
-2.162588606974625086e-02
-2.126069752944443128e-02
-2.090014894386926433e-02
-2.054422082288440837e-02
-2.019289259175199858e-02
-1.984614262936367987e-02
-1.950394830591982084e-02
-1.916628602004834953e-02
-1.883313123535833300e-02
-1.850445851642196909e-02
-1.818024156418970860e-02
-1.786045325081709809e-02
-1.754506565392048925e-02
-1.723405009024144702e-02
-1.692737714873126034e-02
-1.662501672304663239e-02
-1.632693804344984706e-02
-1.603310970813047465e-02
-1.574349971392404249e-02
-1.545807548645105473e-02
-1.517680390965719418e-02
-1.489965135476972215e-02
-1.462658370866158283e-02
-1.435756640163091645e-02
-1.409256443458965953e-02
-1.383154240567835078e-02
-1.357446453629015427e-02
-1.332129469652133628e-02
-1.307199643004577395e-02
-1.282653297841652475e-02
-1.258486730479959140e-02
-1.234696211714332408e-02
-1.211277989078509212e-02
-1.188228289050283736e-02
-1.165543319201661245e-02
-1.143219270293907575e-02
-1.121252318318628587e-02
-1.099638626485231231e-02
-1.078374347154965364e-02
-1.057455623722390603e-02
-1.036878592445109395e-02
-1.016639384221535575e-02
-9.967341263181756991e-03
-9.771589440465251741e-03
-9.579099623902182295e-03
-9.389833075834070134e-03
-9.203751086405547246e-03
-9.020814988387589051e-03
-8.840986171527807913e-03
-8.664226096440489841e-03
-8.490496308036388218e-03
-8.319758448506079512e-03
-8.151974269858489053e-03
-7.987105646023187622e-03
-7.825114584527032013e-03
-7.665963237744762709e-03
-7.509613913739116541e-03
-7.356029086691512515e-03
-7.205171406933072106e-03
-7.057003710583226001e-03
-6.911489028801984930e-03
-6.768590596665202165e-03
-6.628271861666454150e-03
-6.490496491857582553e-03
-6.355228383629850201e-03
-6.222431669148854004e-03
-6.092070723443537492e-03
-5.964110171162747935e-03
-5.838514893002653104e-03
-5.715250031813723375e-03
-5.594280998393046274e-03
-5.475573476970272378e-03
-5.359093430394975405e-03
-5.244807105028071945e-03
-5.132681035350741480e-03
-5.022682048291044442e-03
-4.914777267280543566e-03
-4.808934116043439566e-03
-4.705120322127315409e-03
-4.603303920181956235e-03
-4.503453254990675420e-03
-4.405536984263720701e-03
-4.309524081197581985e-03
-4.215383836807616753e-03
-4.123085862039855588e-03
-4.032600089668755827e-03
-3.943896775986631409e-03
-3.856946502289595752e-03
-3.771720176168431513e-03
-3.688189032607833238e-03
-3.606324634900604474e-03
-3.526098875383494070e-03
-3.447483975998546189e-03
-3.370452488686253700e-03
-3.294977295616119840e-03
-3.221031609259914288e-03
-3.148588972312237142e-03
-3.077623257463998289e-03
-3.008108667033996837e-03
-2.940019732463414019e-03
-2.873331313677627511e-03
-2.808018598320771199e-03
-2.744057100867771434e-03
-2.681422661617825342e-03
-2.620091445574037909e-03
-2.560039941214408560e-03
-2.501244959157301884e-03
-2.443683630726194243e-03
-2.387333406418786375e-03
-2.332172054282071003e-03
-2.278177658200648218e-03
-2.225328616099018532e-03
-2.173603638063920356e-03
-2.122981744389293175e-03
-2.073442263547783417e-03
-2.024964830092591643e-03
-1.977529382492324711e-03
-1.931116160903748958e-03
-1.885705704883793151e-03
-1.841278851045850991e-03
-1.797816730662131750e-03
-1.755300767215722813e-03
-1.713712673906112602e-03
-1.673034451108969083e-03
-1.633248383795287122e-03
-1.594337038911384672e-03
-1.556283262722428550e-03
-1.519070178122776263e-03
-1.482681181915198633e-03
-1.447099942061011533e-03
-1.412310394904365022e-03
-1.378296742372790403e-03
-1.345043449155527851e-03
-1.312535239862767759e-03
-1.280757096167303060e-03
-1.249694253931028743e-03
-1.219332200317590912e-03
-1.189656670894255822e-03
-1.160653646723569434e-03
-1.132309351447625956e-03
-1.104610248365894051e-03
-1.077543037508966019e-03
-1.051094652709295280e-03
-1.025252258670742095e-03
-1.000003248038448030e-03
-9.753352384703710800e-04
-9.512360697118453978e-04
-9.276938006748592551e-04
-9.046967065228238335e-04
-8.822332757623111603e-04
-8.602922073432353774e-04
-8.388624077680149980e-04
-8.179329882114919677e-04
-7.974932616520506419e-04
-7.775327400152686223e-04
-7.580411313312173738e-04
-7.390083369057797325e-04
-7.204244485075672394e-04
-7.022797455706182536e-04
-6.845646924141570713e-04
-6.672699354798767874e-04
-6.503863005876725674e-04
-6.339047902104245685e-04
-6.178165807683807425e-04
-6.021130199438910887e-04
-5.867856240171210030e-04
-5.718260752230435026e-04
-5.572262191306128192e-04
-5.429780620441132868e-04
-5.290737684276017360e-04
-5.155056583526683662e-04
-5.022662049696997606e-04
-4.893480320036253540e-04
-4.767439112736932905e-04
-4.644467602381891110e-04
-4.524496395642827774e-04
-4.407457507229606123e-04
-4.293284336096860596e-04
-4.181911641907608626e-04
-4.073275521756390054e-04
-3.967313387154591028e-04
-3.863963941277738794e-04
-3.763167156477922404e-04
-3.664864252061781702e-04
-3.568997672334619153e-04
-3.475511064911624391e-04
